37.77916,-122.42005
51.50632,-0.12714
37.54703,-122.31483
34.05349,-118.24532
23.62574,-101.95625
39.74001,-104.99226
1.32026,103.78871
41.88415,-87.63241
35.21962,-80.01955
45.51179,-122.67563
35.9125,14.5018
52.23974,-0.8857599999999991
40.71455,-74.00712
39.29055,-76.6096
37.16793,-95.84502
39.08166,-77.15124
44.93746,-91.39251
-12.0436,-77.02122
54.31392,-2.23218
52.51607,13.37698
43.64856,-79.38533
-22.97673,-43.19508
48.85692,2.341209999999999
38.8991,-77.029
37.83721,-94.35868
31.3893,35.36124
44.97903,-93.26493
40.73197,-74.17418
40.7038,-73.83168
41.50471,-81.69074
49.80388,15.47491
40.82624,-74.47995
27.94017,-82.32547
57.70133,11.96689
34.16612,-106.02612
30.08615,-94.10158
53.4796,-2.24881
40.85251,-73.13585
29.42449,-98.49462
42.33168,-83.04792
35.91463,-79.05661
29.76045,-95.36978
10.75918,106.6625
51.42099,-0.20702
50.50101,4.47684
34.36401,-89.51877
35.78577,-80.88892
-23.56287,-46.65466
18.11526,-77.27348
50.82821,-0.13449
-24.9162,133.39311
55.95415,-3.20277
52.88356,-1.974059999999999
35.82213,-88.91599
33.74831,-84.39111
53.74319,-0.34592
56.65286,-3.996669999999999
42.40584,-83.09596
35.30914,-98.52102
34.24489,-85.16679
53.02423,-112.82978
56.153,10.20452
34.7519,-92.13055
31.84666,-91.657
61.21756,-149.85776
35.14968,-90.04892
36.16778,-86.77836
42.39376,-71.03237
40.99471,-77.60454
62.19845,17.55142
39.9275,-75.03055
34.28946,-118.71766
41.98086,2.81874
35.4948,-85.01235
64.95014,26.06739
40.19033,-82.66947
35.83073,-85.97874
32.77942,-91.56123
32.77815,-96.7954
39.80324,-83.89065
42.73383,-84.59334
38.99792,-105.55096
40.5725,-74.154
42.31256,-71.08868
39.02675,-84.21585
42.99671,-85.59012
35.90209,14.44812
37.27188,-119.27023
53.82507,-3.02075
36.19524,-86.51858
-26.20494,28.04003
34.94652,-89.4373
33.2115,-92.66545
41.66017,-86.17258
50.45663,4.871369999999999
36.69094,-6.13487
34.23294,-102.4102
33.52029,-86.8115
49.38426,-84.75627
47.60356,-122.32944
45.51228,-73.55439
50.06007,19.93259
34.01156,-118.49229
38.43773,-122.71242
46.94843,7.440459999999999
40.93797,-73.99441
50.36079,7.592789999999999
-34.60852,-58.37354
54.31407,-2.23001
27.9758,-81.54106
29.95369,-90.07771
42.58807,-87.82365
40.14323,-74.72671
39.55792,-7.844809999999999
30.38815,-96.0878
35.00476,135.70743
54.5958,-5.93494
52.08399,4.317409999999999
40.0084,-75.15294
18.22328,-66.42889
44.11559,-120.51484
31.32735,-89.29071
40.43831,-79.99745
-33.86963,151.20695
43.04999,-76.14739
43.1555,-77.61603
35.38716,-94.69444
31.55379,-90.10785
51.4788,-0.624659999999999
43.07295,-89.38669
59.33217,18.06243
36.71832,-4.42016
60.17116,24.93258
38.74339,-82.99361
56.29936,-2.65978
53.19729,-2.89373
30.24216,-89.60586
39.37413,22.95775
51.27562,0.17898000000000003
36.15398,-95.99277
51.45623,13.52453
49.26044,-123.11403
39.96196,-83.00298
43.65914,-70.25665
54.50125,-8.18998
50.83033,-0.38639
-37.81753,144.96715
39.95227,-75.16237
33.89528,-118.22433
33.54243,-90.53727
30.33138,-81.6558
18.01571,-76.79731
32.50408,-92.12783
34.31109,-94.02978
56.27609,9.51695
43.04181,-87.90684
40.65507,-73.94888
33.62646,-80.9474
60.3907,5.332749999999999
52.8029,-2.106329999999999
33.51711,-90.18043
17.15199,-96.20941
39.9833,-75.7486
32.61436,-86.68073
55.84291,-4.419839999999999
53.93063,-1.20788
37.28848,-121.94486
51.70308,-3.04319
46.58057,0.34168999999999905
52.71464,-2.76267
35.67048,139.74092
43.02809,-83.32278
36.73112,-91.85307
43.32618,-79.79854
19.4319,-99.13285
39.73926,-89.50409
52.47859,-1.9086
55.67631,12.56935
42.78668,-96.92803
35.2225,-80.83754
30.2676,-97.74298
51.43558,-2.57518
37.38769,-6.001809999999999
34.83338,-89.17571
29.65195,-82.32318
52.82599,-1.32654
51.45238,-0.9960299999999991
41.2362,-80.8128
35.69566,-89.40763
51.27597,1.07561
51.91892,19.1343
45.80726,15.9676
51.45366,-2.591429999999999
48.96924,2.30472
32.74863,-97.32925
50.44332,-4.93986
40.79086,-73.96644
51.69051,-0.03381
8.4177,-80.11278
34.1688,-118.61092
-13.442,-41.9952
50.7204,-1.88091
38.49809,-98.32023
52.20987,0.11156
53.89128,-68.43114
53.79449,-1.54658
33.99604,-117.75801
51.16418,10.45415
31.5909,130.65604
63.8313,23.1362
52.22357,6.895369999999999
43.57607,7.01815
40.4203,-3.705769999999999
30.42084,-87.21724
44.54187,10.78142
17.61099,8.08094
50.11204,8.683419999999998
33.86404,-118.39535
38.25486,-85.7664
36.84682,-76.28507
40.36959,-80.63716
53.40977,-2.9784799999999994
52.40698,-1.50776
48.13641,11.57752
39.10295,-94.58306
32.35006,-90.88153
51.57198,0.46694
46.73016,-117.18148
51.57306,-0.77619
-10.40633,-77.23871
51.48126,-3.18067
31.1689,-100.07715
46.71067,1.71819
33.87032,-117.9291
40.68869,-73.93918
39.18218,-77.27004
41.67478,-87.99799
42.18419,-71.71818
64.55653,12.66538
40.57885,-74.21956
42.2306,14.39059
33.6671,-117.76505
-35.70522,-71.34109
37.08571,-88.59583
44.51279,-88.01016
38.32072,-75.61066
50.55356,9.67469
35.25082,-91.74015
42.03956,-88.28324
25.7167,-103.2833
51.77045,0.6425499999999991
41.30711,-72.92496
48.73872,-69.0844
40.01574,-105.27924
32.9831,-82.8109
41.60299,-87.33715
38.00335,-79.77127
50.78248,0.29072999999999904
41.38572,2.170049999999999
39.10644,-84.50469
53.41961,-8.24055
35.36302,-89.77895
41.18466,-73.19907
-19.59634,-40.77105
39.75911,-84.19444
51.73569,0.47791000000000006
34.49948,-82.01486
35.02368,-90.6845
16.85576,-69.46854
23.73606,-103.99279
53.48025,-2.878989999999999
43.23426,-86.15935
-43.53131,172.6373
34.67747,135.50323
32.36419,-89.47541
30.9742,-91.52382
34.14632,-118.24802
38.59264,-90.35591
26.65037,-98.35131
33.84005,-90.29717
32.51461,-93.74727
41.65381,-83.53626
39.16659,-86.53424
54.00187,-6.404309999999999
34.27358,-88.40858
38.36601,-98.76514
-14.24292,-54.38783
55.77143,-2.007019999999999
52.3833,8.6333
50.83935,-0.7819099999999991
40.85715,-73.85678
40.73716,-74.03097
46.99703,-120.54872
40.91646,-74.17108
43.0026,-83.7826
53.58381,-0.6436399999999991
29.67944,-95.97673
55.70622,13.1876
35.30774,-83.18782
50.72744,1.61551
40.81362,-96.70774
41.78487,-86.25053
51.96301,7.61781
32.71568,-117.16172
43.72233,-90.59239
-12.69524,-55.92844
43.7427,-84.62167
33.78399,-89.80985
32.67828,-83.22295
39.15093,-123.2079
-33.46304,-70.64794
-32.83102,147.31906
19.3199,-99.15213
33.17975,-102.27505
46.87591,-96.78176
41.66122,-71.55587
32.38012,-86.30063
37.5364,-122.02968
51.27172,-0.39534999999999904
42.06546,-71.24891
51.49615,-0.22942
42.14307,-77.05462
-33.91906,18.42196
-32.89123,-68.83955
52.94922,-1.14392
42.98689,-81.24621
32.36503,-88.70307
44.63548,-123.10776
51.22208,4.39771
59.37991,13.49942
33.65711,-85.81945
62.42305,6.21109
44.48721,-71.56889
40.79263,-73.80817
49.01037,8.4092
39.60856,-75.83013
46.8132,8.22395
-33.96243,25.62326
30.23513,-92.26831
32.78115,-79.9316
33.67889,-118.00157
30.93133,-97.22661
46.97933,28.39131
59.46148,108.83178
37.5407,-77.43365
33.74172,-83.85361
50.94165,6.95505
38.50205,-117.02258
42.10125,-72.58929
45.8089,13.52504
38.9767,-76.48993
32.72662,-102.64505
53.95333,-1.08342
31.85975,-90.394
38.2589,-92.43659
45.40326,-71.88893
-37.0907,-63.58481
54.97791,-1.61237
51.49014,-0.16248
38.62774,-90.19951
59.56465,9.26773
55.8578,-4.24251
39.62603,-75.66114
34.22745,-118.46206
45.46894,9.18103
36.47544,-81.8093
25.89958,-97.49553
44.00118,-71.6342
50.82056,4.37967
51.88966,0.88943
37.6383,-120.99959
36.86727,-87.4877
29.07904,-110.94695
36.30486,-86.62021
52.40445,-3.98512
33.95813,-83.37325
45.4215,-75.69189
42.54843,2.385959999999999
33.95246,-83.98799
45.94695,24.9804
43.60574,1.44869
40.17797,-122.23531
51.21349,-1.488089999999999
35.08418,-106.64864
41.84329,-87.79127
51.54881,-0.0604
40.04514,-86.01223
33.46797,-82.50293
30.19164,-85.83249
35.472,-97.52033
33.91197,-90.18076
48.14432,17.5141
30.43977,-84.28065
37.80506,-122.27302
18.4867,-69.94049
41.82387,-71.41199
57.77972,14.17739
43.08364,-8.73153
26.71438,-80.05269
50.47648,-3.52754
53.63328,-3.003649999999999
35.22689,-90.32643
33.83276,-117.91572
57.71993,12.94439
21.51102,-77.80679
51.35502,-0.079289999999999
37.64598,-84.77496
39.49974,-111.54732
-45.8745,170.50385
46.43169,6.910499999999999
51.55615,-0.25968999999999903
39.17881,-96.56183
32.58507,-89.87374
37.97615,23.73641
33.20271,-94.68121
44.7272,-90.10126
45.26232,-69.01249
39.6425,-77.71758
52.28209,-1.58423
32.74838,-117.24681
33.91819,-118.35374
41.26069,-95.93995
40.60257,-75.4702
36.58598,-79.4172
47.16116,19.50496
33.45081,-90.645
20.7167,-103.45
39.14527,-75.41876
34.74865,-92.27449
50.82607,7.28021
50.07908,14.43322
33.76672,-118.1924
46.81274,-71.21935
40.92926,-74.22886
40.58751,-122.39293
34.6978,-87.52899
40.81209,-74.12466
53.55334,9.99245
39.35103,-83.38556
38.54666,-121.74477
40.11445,-75.3393
39.68509,-83.92817
41.38371,-81.73465
57.15382,-2.10679
36.64849,-87.16633
31.7617,-95.632
25.67084,-100.30953
53.38311,-1.46454
56.031,14.15415
44.05747,-121.31572
28.53823,-81.37739
37.87869,-121.94345
40.8272,-73.49664
39.76691,-86.14996
42.50382,12.57347
53.50807,-8.42945
41.94508,-71.28109
49.23147,6.998269999999999
50.44138,30.52249
32.30662,-87.24693
51.48944,-0.26194
51.7562,-1.25949
-12.97002,-38.50456
53.54622,-113.49037
42.34334,-72.58923
39.26271,-121.01914
39.92891,-75.29647
40.8079,-73.9454
46.49,-80.99001
36.99462,-86.44558
46.20835,6.142699999999999
34.41925,-119.69887
35.78551,-78.64267
28.02232,-81.73295
48.20254,16.3688
37.95362,-121.29072
34.15917,-118.50119
44.49141,-73.18763
32.6418,-90.36791
40.1142,-88.2435
45.06951,7.7054
34.56398,-92.58685
47.37706,8.53955
42.28474,-83.38348
60.99655,24.49511
50.84838,4.34968
51.46365,-0.21562
33.53858,-112.18628
37.67119,-122.08613
52.1082,5.32986
39.98117,-77.12648
25.72898,-80.23742
35.32689,-83.80489
18.04552,-77.02659
46.67591,-1.346749999999999
43.89742,-73.30865
41.39447,-73.61689
33.95319,-84.54588
38.08664,-83.12559
46.98538,-122.91227
-35.30654,149.12656
40.77387,-74.02469
37.97911,-121.26174
41.50075,-99.68095
46.44231,-93.36586
52.0953,1.313879999999999
33.10576,-88.56116
1.365189999999999,32.30465
31.75916,-106.48749
44.16104,-77.3819
43.51103,-79.88389
32.42065,53.68236
22.81751,-82.7603
30.79062,-89.8643
41.48628,-71.3055
53.2938,-6.134479999999999
51.32413,-1.9257
54.6904,-1.2323
54.49857,-114.99993
42.67638,-76.82191
37.44466,-122.16079
38.57906,-121.49101
41.35484,-72.07074
48.75235,-122.47122
44.47592,-73.21323
41.03739,-83.65028
30.2733,-91.89962
42.88544,-78.87846
51.59094,-0.38048999999999905
56.42465,9.67464
34.60515,-98.38983
38.62666,-88.94561
60.20624,24.6562
41.08419,-81.51406
14.13544,77.24804
43.54456,-80.24787
41.55408,-73.04615
31.96305,-95.27023
7.955009999999999,-1.03182
42.70394,-78.57473
53.31158,-3.472379999999999
42.25147,-83.18186
39.12026,-93.19547
40.79781,-81.37157
42.39748,1.83793
42.31617,-85.18022
37.4817,-82.51887
-3.38791,29.92039
-16.92646,145.77597
35.99527,-78.89601
45.88082,-72.48411
33.90698,-88.95535
41.20633,-73.72684
42.31729,-85.60305
42.2669,-89.07835
28.02688,1.65284
64.96394,-19.02116
41.22236,-111.97046
52.15457,4.494629999999999
43.00029,-107.55405
37.20897,-93.29156
52.68775,-7.92415
51.62315,-3.940929999999999
37.36992,-120.17816
54.96884,-1.86747
29.98988,-90.24206
40.69819,-73.79557
37.97457,-122.53247
32.50965,-92.11905
32.35248,-89.65535
34.16788,-111.9307
35.61301,-90.33078
40.74269,-84.10729
56.95468,-98.30897
39.44711,-83.82837
40.61762,-74.41706
36.09962,-80.24109
40.76099,-74.20991
51.3599,7.47125
49.89942,-97.14074
34.28084,-119.29232
38.68193,-84.59431
38.29187,-122.45724
37.83321,-81.90227
50.26568,-119.2738
42.4266,-71.07352
37.33847,-121.88579
51.61779,-0.009339999999999
53.04195,-2.997129999999999
34.12195,-118.10557
33.98291,-96.98612
61.73825,15.16463
18.46617,-66.10665
48.77465,1.999279999999999
39.11567,-77.5653
51.26143,-1.09712
33.98163,-117.37388
54.99241,-7.31923
43.74264,-81.70776
51.05563,3.728559999999999
50.87077,0.5740499999999991
40.11727,-88.20449
40.52413,-111.86627
0.32279999999999903,32.57484
40.75628,-73.93762
29.98805,-90.13102
-37.79898,147.61493
54.48303,-3.53444
41.88,-87.77891
34.09708,-118.10824
41.85076,-72.64417
35.22052,-90.01479
21.14836,-100.91879
52.63788,-1.14036
37.4876,139.83829
34.13602,-117.86483
36.06899,-79.7947
51.4536,-0.01802
49.25953,2.47547
27.94653,-82.45927
40.41307,-79.57064
33.18428,-90.222
36.068,-90.9564
29.89932,-93.92938
28.55019,-107.48486
12.80095,45.03352
-36.88411,174.77042
33.49398,-111.92122
45.45902,-73.57176
26.35049,-80.089
29.29533,-94.80786
53.07516,8.80466
40.75952,-111.88823
32.5313,-117.03817
44.38825,7.548359999999999
32.22155,-110.96975
53.7946,-2.24705
34.92923,-86.97311
36.87652,-89.58828
34.80046,-87.67525
34.14723,-118.14426
41.39476,64.56445
40.26002,-76.88246
40.86034,-74.12374
33.44826,-112.07577
33.89275,35.48527
36.0632,-94.15791
35.36696,-119.01886
33.36501,-92.72564
52.24116,1.05448
44.93944,-93.46787
63.96027,10.22442
50.80401,-1.08728
40.79195,-73.94512
53.86121,-2.56483
15.59092,32.51883
55.39617,10.39079
53.45644,-2.632649999999999
51.71815,-3.85093
31.1041,-91.29781
40.50719,-78.3989
27.13844,80.86235
37.51146,15.06744
52.37312,4.893189999999999
49.34463,2.409549999999999
50.90994,-1.407319999999999
41.0981,-80.65079
32.29869,-90.18049
32.83709,-117.25543
42.02534,-93.6202
2.990419999999999,101.48481
42.16889,-87.84618
51.45236,-0.12193000000000001
47.92408,-97.03203
51.10804,17.0267
51.76102,-0.23396000000000003
40.76596,-95.3756
43.39963,-5.84337
54.19456,-8.6541
51.48224,-2.78071
59.54484,5.35813
53.34376,-6.24953
42.32807,-83.7336
37.55091,-121.98217
38.8235,-75.92381
39.40008,-84.56264
44.64616,-63.57392
47.69651,13.34577
40.91188,-74.52772
34.09834,-118.32674
54.82493,-7.467509999999999
40.71455,-74.007118
21.01841,-101.25912
33.55943,-97.84835
-41.28054,174.76714
33.47909,-81.97531
40.36583,-74.95196
29.28437,-82.44532
46.85021,9.53118
31.12493,-92.06243
35.27374,-88.03295
40.9197,-73.7868
46.58976,-112.0212
32.7716,-89.11774
54.63044,-2.89984
35.56455,-89.64607
56.85147,-101.04893
45.00394,-122.78217
51.19871,0.74267
36.83264,-76.29771
40.88104,-74.1148
41.88711,-87.83917
50.72805,-3.71925
35.30846,24.91598
54.89814,-1.53179
33.63604,-96.60916
29.73391,-93.89419
29.57535,-97.14306
36.13702,-120.36289
50.51444,4.42508
58.97083,5.730789999999999
50.56671,-3.89868
36.97402,-122.03095
30.43883,-90.44116
34.18806,-118.94151
54.155,-7.528999999999999
39.75213,-105.05326
39.80105,-89.6436
44.23153,-76.47933
33.42558,-94.04825
38.83345,-104.82181
42.30837,-87.86029
44.04018,-79.45857
40.10216,-85.67869
36.61442,-86.4421
34.185,-118.89425
43.1763,-76.27503
41.51776,-72.75753
45.65065,13.76709
51.59105,-2.988249999999999
33.01807,-85.35138
29.78772,-95.82333
39.2794,-74.57555
34.96578,-80.07691
51.44613,0.22581
52.50524,-1.8153100000000002
41.35014,-71.9595
32.67828,-83.222954
33.41704,-111.83146
35.33204,-96.92483
26.12367,-80.14356
46.19686,-59.95786
35.17407,-89.97544
30.66121,-93.89386
42.44952,-83.16166
57.91763,12.06162
26.30116,-98.1607
39.04928,-95.67118
-36.55865,145.469
52.05777,1.14378
27.57452,78.30813
47.25513,-122.44165
33.32904,-111.78976
51.6134,7.19338
33.59233,-101.85587
33.17156,-86.25025
40.89259,9.27977
48.42831,-123.36451
27.4955,-82.57807
51.53487,-0.12359
50.63718,3.062809999999999
40.5815,-105.07626
52.93372,8.48002
29.36624,-100.89818
53.45228,-2.22254
50.3758,-4.13689
55.95327,-3.11499
42.36679,-71.10602
44.41033,8.93889
59.55546,11.32643
35.18657,-86.11205
34.14584,-118.77758
34.74929,-77.42105
51.56096,-0.23443000000000003
39.80493,-75.22939
54.97938,-1.54508
45.37238,-87.95196
14.49945,-14.44555
9.1473,40.49305
46.14694,14.95505
-24.43781,121.0791
36.34028,-90.22049
42.47775,-70.96668
53.50846,-2.16337
31.30627,-96.89774
52.45419,-2.147829999999999
35.96049,-83.92091
34.19451,-90.5651
54.90012,-1.40848
11.41508,-7.48519
32.08078,-81.09072
53.54031,-2.11233
59.91228,10.74998
41.70075,-86.23919
43.8814,10.23522
42.08317,-71.01724
34.69934,-79.88483
44.81651,-91.50123
33.79502,9.56154
32.8478,-90.41504
33.38771,-84.28295
35.70561,-78.62139
26.27249,-80.25306
48.82922,-123.48218
47.22679,-117.07362
55.0503,-8.23194
31.83392,-83.73996
41.58979,-93.61566
36.59759,-121.89677
41.36149,-74.27362
51.5291,-0.024190000000000003
41.68676,-85.97567
34.47326,-119.05505
-36.35484,146.32611
42.37522,-72.51984
44.04992,-123.08854
51.1955,6.44268
64.11008,-21.89294
32.0451,34.76971
-31.95302,115.85724
52.1305,-106.65931
41.81325,-87.86956
50.94224,-2.646469999999999
34.02011,-117.95086
6.472789999999999,-66.58904
34.03674,-94.33942
51.37121,1.1251
51.52509,-0.33239999999999903
34.08072,-118.07654
43.7698,-79.4138
47.04954,8.30437
18.08393,-76.98585
38.82773,-89.54034
42.95133,12.70809
-9.82491,-36.74328
52.58865,-2.121669999999999
42.31781,-72.63238
41.04085,28.98618
37.41402,-79.14284
61.49781,23.76226
51.89834,-8.47277
51.31476,-0.56623
38.51213,-89.98423
63.22945,29.33181
42.46066,-83.13142
-36.42218,-71.95566
37.17039,-3.60542
-1.932199999999999,18.28471
37.88175,-85.96242
36.78865,3.04822
33.37485,-84.80047
69.65102,18.95574
13.11199,-59.59895
27.63885,-80.39422
30.58814,-84.58094
53.0297,-2.175069999999999
17.73655,-64.73629
30.98029,-91.6756
38.48068,-82.64357
4.86632,-58.93826
41.3108,-105.59032
33.89627,-89.00018
34.0737,-90.49217
46.35316,-94.20069
33.24397,-81.36573
41.87546,-88.06573
38.6262,-90.1632
51.49762,-0.08169999999999901
43.37011,-8.39646
35.14649,-90.1922
52.30554,-0.70847
36.02078,-80.38483
37.99696,-81.71747
61.34742,16.39533
44.81187,20.46414
47.4211,-68.19586
-6.171439999999999,106.82782
54.49887,-126.55071
53.67763,-1.509509999999999
38.98424,-0.5565799999999991
40.67856,-73.41853
55.59664,13.00156
-27.46888,153.02283
32.75103,-99.89682
53.82646,-2.80175
30.6554,-97.00189
51.5313,9.93802
34.26624,-118.4164
42.93896,-74.18893
18.20904,-77.97559
51.38071,0.5132299999999991
17.57975,-3.998829999999999
33.92738,-118.27718
39.94293,32.86048
40.29924,-79.54316
42.86537,-83.14154
43.26865,-2.94612
30.99688,-94.82807
14.56298,121.02183
33.60307,-90.77387
40.82332,-73.91179
52.88191,9.7293
30.44342,-91.18687
56.07043,-3.442909999999999
48.76767,9.17192
46.87278,-113.99623
32.83968,-83.62758
-43.58771,170.36664
19.07619,72.87588
34.09271,-118.26753
45.78366,-108.50552
26.23145,-80.12522
5.875219999999999,-162.4365
46.88904,-123.71399
34.03339,-118.1596
34.18147,-118.30812
43.94874,4.806029999999999
34.19363,-79.76906
33.99363,-117.97092
-34.8809,-56.16544
49.69475,21.76223
13.05939,80.24567
39.0812,17.1229
36.99353,-85.91403
57.65337,14.69725
35.66693,-80.46935
50.77813,6.08849
40.88606,-74.04446
48.55286,-109.67097
4.656369999999999,-74.11779
47.03922,-122.89143
44.84879,-74.29497
40.72605,-73.63691
37.76509,-3.79068
27.82007,-81.9912
39.31936,-88.45207
41.39191,-70.65284
34.1717,-117.73906
43.21183,2.3584
40.49477,-74.44381
50.92677,11.26589
56.87968,14.79938
34.52865,-90.59119
39.89502,-2.98868
51.38434,-0.4207
33.56173,-81.72239
49.20639,-122.90963
48.69173,2.290049999999999
35.62327,-95.97585
37.04292,22.11144
51.36961,-2.54664
37.8695,-122.2705
41.63767,-70.93087
47.50622,19.06482
32.7916,-93.05552
46.51959,6.632329999999999
-29.85572,31.03511
39.52739,-119.81341
42.49981,-96.42094
38.91974,-80.18168
45.41973,-122.66762
43.91253,12.90542
37.68698,-97.33558
34.00336,-84.14496
31.57182,-97.1495
37.82245,-85.69091
38.8962,-121.07887
38.66059,-77.24787
37.22626,-80.41058
55.72261,13.02743
39.53657,-81.24338
42.10286,-74.44345
38.57842,-93.2393
46.91008,-98.70853
47.85652,12.12875
41.90311,12.49576
23.1168,-82.38859
51.00883,-2.99275
47.83888,11.14466
52.66097,-8.63261
33.9814,-118.21914
50.7266,6.51747
51.59678,-0.33556
48.70185,2.313709999999999
31.993,-87.29049
45.34481,9.32463
30.19145,-93.58068
50.97768,11.02307
42.16268,-71.0414
50.87566,0.00093
41.07552,-85.09906
53.3127,-1.126889999999999
27.77118,-82.63932
34.84802,-82.40022
40.8448,-73.93585
51.84005,-0.2751
60.67366,17.1456
49.05067,2.10067
44.08116,-103.23089
51.52668,-0.06257
6.43918,3.42348
38.08767,-102.61916
36.03256,-86.78916
37.20196,-7.320389999999999
56.87546,24.6075
40.48501,-88.99771
33.78786,-117.8504
46.00175,-112.52089
19.59009,-155.43414
63.13626,18.8103
43.29368,5.37249
41.05182,-73.54223
30.08374,31.25536
53.49815,-2.51622
42.21464,-72.59378
34.77507,-96.67869
51.51324,-0.26745999999999903
51.16166,-3.042149999999999
52.37227,9.73815
34.07292,-118.39981
51.42721,7.663789999999999
34.68178,-99.91246
18.3902,-77.36692
34.06171,-86.76951
32.34747,-95.2943
47.99854,7.849649999999999
42.11553,-86.45748
43.85549,-104.20258
38.82597,-83.4866
47.65726,-117.41228
37.90118,-122.06162
51.92283,4.478449999999999
30.22032,-92.01705
34.34295,-105.52834
40.79373,-77.8607
23.68745,90.3509
40.7174,-74.04323
51.52328,-0.21346
39.49363,-80.90286
39.40414,-123.35182
40.8399,14.25185
30.37251,-90.0791
50.8452,0.47799
49.19426,16.60445
45.36126,-73.74988
34.22353,-92.0034
41.49994,-74.01023
32.33765,-90.32943
52.9356,-3.5952
28.15084,-82.75306
62.24049,25.75129
40.21787,-74.7594
52.50208,-0.76588
38.81337,-89.9568
50.79692,-2.321689999999999
38.19047,-86.1146
38.04859,-84.50032
51.51955,-0.10416
34.07215,-117.93918
40.30622,-74.37547
53.48973,-2.2843
42.75637,-77.01904
62.3889,17.30686
37.59791,69.86799
39.33498,-82.97041
53.39332,-2.91862
28.59457,-81.35071
40.44181,-74.13107
48.07272,-0.7730399999999991
29.59733,-90.71913
44.94382,-93.09332
33.7621,-90.30507
38.72567,-9.15037
39.25566,-76.65937
42.63687,-83.28842
49.41944,0.23285000000000003
50.88313,4.0811
38.03213,-78.47753
36.74068,-119.78573
28.01731,-82.12539
42.51557,-70.90725
39.46649,-87.41323
44.64308,10.93405
31.94775,35.22965
39.14465,-89.10827
55.74138,12.57885
34.35919,-90.27585
41.63115,-87.48082
43.74978,-87.71375
31.7736,35.225
23.0833,-82.4167
44.60659,-79.41823
38.89086,-90.18383
-37.89306,175.47131
39.76618,-86.44105
37.9156,-122.31153
-20.61711,-54.54294
55.8564,-61.71587
56.46137,-2.96761
48.91339,2.38253
47.565,-122.62569
35.83589,-90.36802
51.4518,7.01062
29.7284,-94.99695
34.14906,-78.87563
32.20049,-94.35887
51.51661,7.458289999999999
40.86189,-74.49641
37.76658,-122.24474
42.84751,-2.67973
38.26443,-85.53877
39.90348,-83.43001
40.72023,-73.24922
20.02889,-75.82898
35.6181,-82.32046
33.40417,-90.89881
39.739262,-89.504089
43.58015,7.121229999999999
38.95774,35.4317
42.003,-71.51346
34.69018,-90.38262
34.74243,-87.66771
39.20916,-76.86731
52.9074,-1.25652
-26.24875,27.84378
43.01437,-88.23546
55.44528,-4.508309999999999
32.31928,-86.89775
-32.95456,-60.65649
46.05565,-71.95947
51.40052,-0.18883000000000003
44.69559,10.64121
35.02393,-87.58111
34.58376,-89.7109
46.5735,11.66351
33.58608,-86.28641
50.41015,4.44343
41.15093,-81.35822
22.41125,114.15354
35.30671,-78.60868
26.18986,-97.69555
35.04644,-85.30946
42.4553,-75.06027
-19.93272,145.77406
45.62811,9.04544
43.8586,18.4295
33.71197,-84.10599
40.25903,-80.18554
40.69214,-89.58776
28.33268,-80.73486
38.89051,-77.08629
34.50186,-97.95754
37.12717,-84.08377
-37.90019,145.08084
37.48092,-93.42783
70.69576,23.17033
58.59232,25.80695
38.60642,-78.17452
43.71371,13.22305
33.90094,-84.279
35.53849,-76.62118
42.04977,-92.90802
30.73115,-81.54609
-38.00964,175.31923
51.55503,-0.17348000000000002
37.31198,-79.52139
41.9293,-88.7493
48.83515,2.241019999999999
33.34145,-102.20313
17.95987,-77.30435
32.46222,-96.56967
9.27612,-75.38435
36.36001,6.609449999999999
49.88222,14.77418
6.23651,-75.59028
16.15784,-61.67671
55.66107,-3.83957
40.82186,14.12208
51.38831,-56.09009
40.91245,-73.83827
10.1833,-61.55
33.31181,-115.83483
46.78796,-92.09985
57.04935,9.91629
38.05157,-77.34762
51.431,-2.18983
35.00459,-91.25019
40.73143,-73.99658
51.63319,-0.13058
41.76332,-72.67407
33.39847,-91.03786
42.52642,-71.75961
51.44726,-0.20008
43.97558,-75.91316
31.15509,-95.96653
50.97695,11.32787
65.0103,25.4735
51.05364,13.74081
38.97306,-95.23653
39.732,-121.84198
37.11878,-83.08847
59.12766,15.14345
45.19833,-93.38997
59.75952,18.70249
41.93825,-93.38989
41.23987,-73.69807
38.30089,-77.45914
46.23518,-119.09456
40.58044,-78.26045
10.65715,-61.48358
32.09162,-96.46326
31.60358,-94.65562
49.45431,11.07394
29.91666,-90.06569
35.92425,-86.87093
32.46309,-90.11897
49.87269,8.65016
37.08288,-76.48023
50.79283,0.05033000000000001
42.23679,-70.87485
19.05871,-70.15213
40.70991,-73.62279
35.1982,-111.6513
28.64334,-81.23258
33.52198,-84.35407
42.05665,-87.68659
50.95308,1.85305
-29.21545,26.83776
34.29205,-88.68369
39.83011,-84.89033
51.59109,-0.14857999999999902
33.74907,-117.87394
51.44663,-0.32823
47.64118,13.61652
60.03168,13.70182
33.21656,-97.13098
63.03654,-149.10568
51.4855,-0.37196
35.96043,-92.66602
56.67225,12.85752
41.99112,-88.15849
40.41329,-84.77656
36.17191,-115.13997
34.23033,-118.23944
48.82835,2.190609999999999
33.2656,-96.59078
49.84769,-99.96201
46.22809,7.35885
42.31782,-83.03391
54.03728,-2.799589999999999
44.50482,11.34516
40.57607,-73.99221
46.00297,8.9513
31.19224,29.88987
51.54038,0.70516
26.76432,-105.5888
36.66928,-89.9692
33.30858,-111.72111
36.87407,-94.8775
39.43343,-84.20951
36.23703,-81.51058
42.4078,-71.12894
52.2824,-0.64751
40.81741,-74.21612
51.5163,-0.06605999999999901
43.88085,-79.73943
54.50292,-6.766869999999999
52.1402,6.191519999999999
54.07485,-2.71939
40.74641,-73.59565
34.05464,-117.75002
32.62656,-91.9246
37.37161,-122.03825
43.6843,-79.75873
30.06677,-81.86674
30.76753,-92.11789
51.57196,-1.78644
53.46969,-1.34396
42.33089,-95.43953
40.23447,-74.29504
25.03512,121.5152
28.8111,-81.87728
42.65145,-73.75527
36.34253,-85.29014
-0.024350000000000004,37.90395
51.09084,9.85314
44.69913,-73.45303
18.03965,-77.51329
62.88388,27.67777
43.87165,-72.45165
34.56039,-90.91387
37.46818,-105.8736
47.38028,-122.23742
30.00875,-97.16001
36.99714,-79.69105
51.27156,7.19655
34.20034,-119.18044
43.32245,-3.122819999999999
33.43561,-90.82161
40.94757,-74.08317
53.74983,-2.36788
49.48651,8.46678
51.2301,-2.31589
47.2022,-122.24
41.25337,-97.13018
38.90037,-77.26365
36.88261,-81.76017
34.27798,-87.82828
43.26099,-79.88845
42.32209,-83.17624
-9.18134,-75.00236
8.62169,0.82969
3.152569999999999,101.7173
56.01162,-3.719469999999999
35.85683,129.2459
30.16602,-96.39998
50.44801,-104.59518
10.63239,-61.41389
51.04521,-114.06317
35.19138,-79.47184
25.06634,121.53189
31.84931,-102.37481
42.4931,-92.34215
52.08893,5.1154
41.70671,-73.92937
20.68759,-103.35108
45.67932,-111.03318
19.45565,-70.70719
30.93683,-90.50985
45.7594,4.82897
46.73237,-117.00054
33.5931,-91.07385
38.91391,-94.37517
-28.48322,24.67699
35.67484,-90.09876
10.49605,-66.89828
6.823229999999999,5.674809999999999
40.81469,-73.04185
33.52306,-90.27752
21.7866,82.79476
10.38706,-75.5057
33.06474,-89.59026
7.365289999999999,12.34344
34.30246,-79.87162
42.17265,-76.82606
30.53301,-92.08238
44.75553,5.36878
44.21256,-100.24706
33.73129,-90.54683
32.84396,-85.18093
43.42301,-95.10229
32.16589,-94.34086
36.05672,-90.48738
42.3076,-71.27951
-25.28766,152.83826
31.4615,-100.44242
51.80143,-0.20573000000000002
32.46292,-84.98763
34.82353,-89.99726
34.97633,-85.35666
38.19506,-84.87869
59.11727,18.19199
33.99855,-81.04525
35.78032,-87.46671
38.53492,-82.68448
33.35303,-90.59005
33.77402,-84.29659
47.21811,-1.5530599999999999
34.96265,-90.04868
39.52517,-87.1187
44.15065,-78.44804
40.87931,-73.31146
35.33826,-97.48561
34.72341,-81.67774
19.40904,-99.14977
51.51138,-0.37833000000000006
32.96197,-93.13913
64.8455,-147.72218
51.92132,-0.65454
37.45469,-122.1779
47.17303,-122.59802
63.41131,10.79416
39.74023,-75.55084
42.65356,-71.13649
60.98299,25.65739
30.22403,-93.22011
34.92402,-81.02668
64.46794,11.49407
48.68081,2.502609999999999
34.95063,-89.61809
-33.93333,18.51667
36.52986,-6.29021
29.95244,-90.05202
39.11338,-94.62682
31.58076,-84.15601
37.7684,-120.84822
33.37059,-98.75209
31.13546,-102.22414
35.72171,-77.91615
59.41203,5.269809999999999
45.19398,5.732
19.48498,-99.18169
51.47288,-3.14127
34.03336,-95.69724
42.27485,-95.0906
54.3274,-5.704959999999999
-0.91754,119.85946
39.07245,21.84556
-8.05427,-34.88126
40.71793,-73.59354
34.04597,-117.84881
-4.03479,21.75627
30.62981,-92.41952
34.30138,-90.64208
40.43665,-74.20444
42.33849,-71.20707
42.39658,-83.36957
35.63196,139.43394
15.59305,120.73907
55.75687,37.6151
7.37884,3.89527
39.09551,-120.95071
33.74831,-84.391113
51.39429,-0.11175000000000002
34.54383,-101.77568
40.94709,-74.61771
41.5964,-87.78514
52.23535,21.00939
41.51526,-90.43987
59.85845,17.64405
35.92277,-81.17588
45.16433,10.79509
31.30757,-96.63166
35.33239,136.28712
53.71673,-2.09579
-27.65294,-51.15045
39.51388,-121.5561
38.41982,-82.44537
40.02994,-6.08985
55.99574,-3.76654
14.27713,76.3071
41.00461,-76.45327
45.43811,10.9915
59.27074,15.21751
18.45462,-66.06462
40.38308,-3.64184
52.82812,12.07305
27.53092,-99.502
36.72814,-108.20569
-25.7458,28.18759
35.94833,-85.02648
40.82045,-76.20157
-23.6361,-46.71173
29.18752,-82.14039
37.4539,-93.19447
46.76921,-71.29176
38.80456,-77.04308
35.6072,-77.38023
34.27611,-88.35068
39.89233,-74.91905
36.5478,-82.56042
40.69626,-73.83301
40.75851,-82.5148
44.69415,-63.59
32.54596,-94.35012
48.43434,-4.62141
51.47106,0.023539999999999003
-32.05286,115.74824
31.24574,-90.45408
39.61869,-105.23324
41.4682,-82.17815
40.19845,-84.80795
43.58828,-79.64372
37.97691,-87.56412
53.56093,-0.09239999999999901
51.58202,-0.07467
49.10516,-122.83019
50.7323,7.101689999999999
19.7734,-104.36615
38.55354,-91.00108
35.48703,-93.8277
33.46725,-96.91393
-2.203819999999999,-79.89746
47.22263,-122.53709
34.15226,-118.6938
35.1303,-96.77625
35.28552,-120.66252
45.49441,-114.14328
14.63554,-61.02281
36.9359,-82.62345
40.21388,-85.70948
10.73445,-71.63056
35.09081,-92.44023
53.37035,-2.74078
40.21614,-86.02626
47.97657,-122.20642
41.16338,-73.86084
41.03687,-73.71296
38.91255,-77.49706
42.11306,-88.03764
32.46182,-86.4507
29.2073,-99.79383
42.28107,-71.23605
33.47998,-117.69764
42.7375,-84.48378
36.75502,-76.0592
48.68637,-1.36192
47.02142,7.450529999999999
35.45808,-79.93087
52.62249,1.294899999999999
45.28303,18.80032
50.55315,-3.49874
51.55296,-0.29554
34.98794,-90.00485
32.34973,-90.45987
30.19034,-82.63713
59.13349,10.22291
50.67109,-1.32524
55.76739,-4.18587
53.79573,-1.7583000000000002
24.55439,-81.80045
63.82525,20.26078
30.4951,-91.25276
36.32878,-91.70019
31.59531,-102.89334
4.11641,-72.95853
30.12322,-91.82928
34.19767,-101.69814
42.29589,-83.31015
52.33734,-6.458929999999999
33.86441,-117.99804
40.73647,-114.04027
35.59846,-82.55314
32.19851,-83.17777
18.44377,-66.04975
43.88979,8.03889
42.75836,-71.46421
42.7316,25.48312
33.57731,-112.2409
37.81552,-82.80601
26.05225,-80.14509
36.67267,-79.2138
34.24961,-80.60741
46.53338,-93.70737
44.30073,-78.32131
33.53584,-92.82984
19.14774,-102.2185
37.77421,-87.11351
50.94078,5.165989999999999
35.27826,-93.13482
32.35039,-97.38762
54.22128,-4.62833
50.96672,0.25113
34.54142,-112.46873
36.91138,-80.32022
32.90573,-90.87988
36.89445,104.16565
48.51262,-122.6134
33.66388,-117.90342
39.7666,-94.85607
49.81522,6.133479999999999
48.38288,31.17344
51.41383,0.5601199999999991
43.09798,11.78532
32.09568,-90.29406
33.67098,-86.84567
42.38667,-71.09826
47.47495,8.3064
40.74262,-73.85808
43.59723,-84.76815
59.95698,11.04825
23.05599,-82.30571
51.11655,-0.18703
50.84983,5.68827
46.67949,-110.04454
54.28046,-0.41582999999999903
44.13378,10.01671
34.10668,-117.80384
46.67449,7.634949999999999
36.73115,-76.58895
25.48179,-99.81448
32.61518,-93.286
40.80236,-74.20397
49.15999,-122.2828
37.22815,-77.40343
36.30188,-88.32588
35.8444,-86.39434
52.409,16.9382
35.92848,-89.90474
52.02297,8.53317
35.87713,-96.06071
53.21413,-2.551559999999999
43.07062,-70.77212
37.85026,-90.5195
50.35849,3.524099999999999
32.44917,-99.74142
41.11366,-73.40765
55.82046,-4.02263
32.29088,-88.49926
50.72076,-3.51534
43.06478,-82.5276
39.90685,-76.65859
42.39941,-83.05173
30.0931,-93.73668
42.17963,-72.92483
45.43825,12.31849
42.69812,2.88743
-34.65349,-58.55326
33.94047,-118.24108
57.42635,15.08518
37.27152,-79.94053
41.19993,-90.74988
-36.36003,144.69832
52.54675,5.53906
47.4101,15.26854
63.431,10.39208
9.08457,8.67425
-32.0289,135.00215
43.54535,-96.73128
33.66418,-79.82877
31.14321,-89.41161
27.79641,-97.40356
32.77847,-94.40853
51.55492,5.10627
45.60718,4.06212
53.26047,-2.512
-33.46765,151.3815
33.92192,-93.14939
58.25016,8.37981
43.78237,11.25499
41.6922,1.74102
52.65235,-2.734259999999999
36.08337,-87.79583
37.4078,-1.58397
38.42068,-121.42164
34.61932,-89.96107
39.7299,-75.47003
34.19763,-86.16559
55.17396,23.89439
38.83154,-77.28861
42.328072,-83.733597
53.64746,-1.79723
40.75,14.52689
48.88314,2.62879
43.8833,8.03333
44.83663,-0.58104
25.79309,-80.1349
-26.39902,153.0861
59.39297,9.20665
37.78549,-79.44146
44.02491,-88.54443
59.93274,30.30672
64.74945,20.95586
36.35113,-89.81702
1.36558,103.82771
22.25797,-97.86837
41.22949,-75.8713
18.01361,-66.6149
10.43842,-61.41713
42.26299,-71.80235
43.55326,7.01325
64.13738,-21.90248
21.34765,-157.7197
55.63664,12.47436
-17.82918,145.99648
52.32764,12.45942
36.20201,-83.74416
-33.67814,151.29929
41.44556,-74.42248
43.11092,-88.49816
30.68639,-88.05324
37.24276,-77.34534
47.49852,8.73299
35.46234,23.82298
40.72319,-73.90469
32.3031,-64.78547
42.33252,-98.1263
45.19082,9.15045
27.10442,-81.33231
36.44815,127.85017
-31.93193,115.84185
40.74139,-73.71186
35.79798,-95.24921
51.45102,0.05102
30.83472,-83.28092
46.34018,-72.54503
35.22073,-97.44661
41.45064,12.62459
4.163579999999999,11.53262
33.35424,-81.2708
48.6434,1.82619
33.43092,-94.03217
44.80171,-68.77077
22.35371,-102.88266
31.90143,-84.25274
43.59527,-83.88491
35.15595,-91.34318
34.48767,-78.65636
38.899101,-77.028999
35.06626,-78.88956
52.27252,8.04779
35.40853,-80.1155
27.69552,-105.17274
35.26869,-77.5818
34.23497,-77.94599
52.23813,20.97151
37.92232,-99.4099
34.25539,-118.59578
40.91144,-73.80961
51.43539,-3.18447
40.76241,-73.9245
63.58939,27.11819
36.59697,139.87683
40.97424,-97.16991
48.10751,-1.684469999999999
42.39336,-81.84348
22.07709,-159.3171
38.28496,-85.76216
46.61844,4.498479999999999
44.2193,11.31429
38.98637,-77.09692
34.04482,-118.28484
45.49919,-78.24499
35.68094,-85.77449
51.54702,-0.10936999999999901
33.305,-88.61962
35.05449,-78.87758
50.91552,0.48882999999999904
44.42436,-79.68786
34.92132,138.9108
53.24737,9.62024
31.73227,-84.17224
54.49945,-105.68423
41.32762,-89.1285
35.51629,-91.23045
41.92699,-73.91077
32.38612,-96.84842
50.54388,-4.145139999999999
45.20475,5.73796
30.08454,-95.41928
36.6074,-83.7119
37.11368,-82.85948
53.35743,-1.38049
33.67466,-101.3878
51.25306,-0.7581099999999991
42.37266,-74.09528
40.15946,-87.63043
35.37096,-85.38843
45.82648,-77.11221
33.16735,-90.85051
48.80216,2.48633
29.69887,-98.12094
37.17675,-94.314
51.38062,1.38269
34.03142,-93.50243
40.14761,-84.24023
42.81225,-73.94102
52.26807,-2.15648
34.73623,-79.35041
44.01928,-92.45915
34.10261,-117.57384
33.91736,-102.33417
44.93326,-123.04381
32.08226,-96.808
26.69636,30.24647
33.95102,-90.76741
31.55922,-91.39823
41.71054,-72.20633
40.43104,-86.91365
40.10863,-83.75243
42.2148,-83.61658
45.81943,4.18302
39.26872,-76.79944
34.51042,-89.94049
40.37658,-74.00406
49.88681,-119.4966
54.09731,13.38423
42.98118,-78.58484
28.24966,-81.28411
52.1278,5.913439999999999
38.96191,-76.86234
32.15326,-94.79927
40.36033,-74.66429
23.7098,90.40711
32.33112,-90.60536
9.32204,2.31313
32.56438,-97.14194
48.44453,1.48339
33.26748,-93.24088
51.37274,-0.45806
33.91659,-92.84857
34.05349,-118.245323
30.15924,-92.17141
45.96064,-66.63912
40.77735,-73.88137
50.0006,8.2723
40.6229,-79.15015
42.31335,-89.35939
42.87289,-2.46883
40.63955,22.93707
56.05269,14.58342
34.58711,-94.23863
53.54222,-2.64556
28.03972,-82.48625
43.50698,16.44171
28.70015,-81.34751
43.60698,-116.19341
41.60441,-73.97225
30.04016,-90.67354
-34.92647,138.59991
21.30473,-157.85762
35.02085,-81.8018
53.40741,-1.50684
35.52608,-98.70703
35.6139,-88.8194
38.4456,-76.74368
37.3555,-121.95426
18.33117,-77.24189
33.179,-92.90495
40.80072,-73.72801
38.43358,-77.38079
34.78473,-91.45858
40.83563,-115.76763
34.02791,-94.73954
26.47499,127.98211
18.98606,-72.29226
32.5305,-92.63979
34.1532,-99.28445
41.03306,28.54417
7.33532,-72.94832
22.05049,-159.54054
34.64231,-97.17028
62.30784,6.927749999999999
35.74812,-95.36917
52.91412,-1.46997
42.12944,-80.08524
36.94652,-88.73081
33.60651,-88.65042
48.81167,2.384879999999999
33.09555,-94.34844
40.78863,-73.9649
53.26265,-2.134679999999999
41.93197,-71.44431
33.01158,-94.365
26.64084,-81.86819
36.5059,-81.12129
36.86831,-82.77475
51.80901,-2.477549999999999
41.48448,-81.77807
-0.6626199999999991,14.92741
53.25804,-1.90965
51.46167,-0.35246000000000005
53.13941,0.33076000000000005
40.69119,-75.20983
32.38633,-83.35503
35.51535,-76.25317
34.88939,-90.79237
33.21049,-87.56593
-6.16591,39.20264
34.7402,-97.2218
28.87978,-81.31017
52.82476,-2.028169999999999
40.40547,-79.82416
25.02698,121.49713
34.01477,-86.00717
30.62398,-84.4127
39.94525,-75.11913
43.64733,-93.36871
34.19423,-118.39157
58.26266,12.95348
40.48124,-79.9735
40.72595,-73.51273
52.50902,-1.94053
32.33227,-89.15311
40.98699,-74.06454
41.35644,-72.09647
30.05158,-99.14532
37.02779,-76.34512
37.45047,-86.74081
40.23376,-111.66851
36.09981,-87.05004
41.00049,-73.66658
17.99476,-76.95159
55.17116,-118.79489
-6.924039999999999,106.92221
14.60962,121.00589
34.40086,-97.05411
35.5047,-97.6389
43.7191,-71.00468
40.9012,-73.34524
40.02373,-76.33171
-36.19442,175.4266
64.8369,-136.79199
32.79285,-95.63901
49.09861,2.515989999999999
38.81231,-92.22496
53.56887,-1.79345
52.09141,-1.94035
51.89493,-0.42809
32.64056,-117.08415
38.67843,-121.77312
48.01493,1.235579999999999
37.65863,126.7378
41.64422,-87.70203
51.38503,-2.36132
33.64132,-84.45014
42.96285,-78.7449
-22.96566,18.48617
35.21553,-99.86665
19.65,-155.994
51.44097,-0.08884
47.62693,-122.52098
24.73847,-78.0736
49.35392,8.13444
41.23856,-85.8528
36.05084,-95.7895
52.30727,-1.9412600000000002
40.71557,-74.57466
51.52672,0.57757
35.82558,-93.83629
49.5135,-115.7687
45.69522,9.66948
19.13808,-96.12933
33.61655,-117.93037
41.48729,2.18596
48.74608,2.266929999999999
32.72925,-94.94275
40.82559,-74.10874
40.95276,-74.03192
40.66873,-74.11749
41.91815,-76.04873
-22.06716,-42.9212
41.13436,-73.79169
45.33653,-122.59278
34.04489,-90.74607
44.92099,-123.31533
46.6621,-122.96462
38.98905,-78.35865
43.00579,-81.25446
44.8161,-71.86785
51.75318,-0.33774999999999905
44.7579,-90.29656
40.75244,-86.06808
40.67281,-73.84739
54.18869,-3.200219999999999
42.68318,-83.13702
-33.87067,151.03363
42.71032,-71.16124
10.43736,-73.262
40.43322,18.04511
40.68614,-75.99908
33.13178,-91.96148
40.58565,-98.39237
44.1562,-87.94949
35.7468,-81.68586
45.44677,8.61523
38.8874,-77.09396
33.61454,-81.10295
43.34348,-3.41664
51.44798,-0.14854999999999902
39.41574,-77.41203
32.34922,-92.72139
46.82811,12.76847
31.03896,-93.97961
41.88929,-87.9791
40.20971,-74.03586
40.80207,-73.21191
49.75725,6.63652
44.78362,-93.91502
38.95217,-92.33415
44.38303,-77.97913
38.35019,-81.63899
31.97528,-93.99853
40.3492,-74.07014
40.27229,-81.86665
-33.04269,-71.37585
48.24551,8.3682
38.6157,-76.90246
52.48245,-116.07546
40.3285,-75.10254
42.64589,-71.31284
41.37469,-74.69123
51.49547,-0.21046999999999902
30.1056,-90.98547
-37.85254,145.0369
39.43683,-76.61966
47.80067,13.04337
35.93979,-81.56997
51.81191,4.6565
48.80193,2.13112
41.52493,-88.08459
38.823502,-75.923813
34.1649,-118.397
51.70973,-0.09200999999999901
18.7679,-70.16174
43.45646,-76.51119
54.57305,-1.23763
33.48358,-89.73584
20.09881,-98.71508
32.00255,34.75564
51.33389,6.562299999999999
48.24159,-122.37238
40.26134,-79.71545
54.68208,-1.221819999999999
37.18422,-5.779169999999999
26.15467,-80.1389
30.5497,-92.5136
32.79533,-95.45168
21.33422,-158.0819
43.0837,-73.78458
44.05551,-64.68844
48.30425,14.28815
29.54047,-90.33607
33.11464,-90.0528
50.81877,-0.51346
46.05473,9.25889
42.09643,-87.93677
51.50883,-3.57826
44.72979,11.08014
37.55712,126.97738
51.76174,19.46801
38.40901,-121.36562
33.65596,-84.44895
34.94825,-81.93487
43.66633,10.63822
36.38418,-85.32281
51.17964,14.42426
37.4631,-122.42932
42.28782,-87.9523
35.48869,-120.66906
38.64412,-83.75938
28.04419,-81.94786
36.38782,-86.44622
33.30288,-111.84084
33.65272,-91.01055
20.87575,-100.88395
41.60374,-74.18038
23.59975,121.02381
41.16399,28.96406
34.10982,-118.19232
-13.15192,27.85254
42.97877,-82.40336
41.48352,-74.41552
37.167931,-95.845016
33.48935,-80.86472
36.90533,-104.439
35.78933,-78.78117
62.198448,17.55142
48.39575,10.00099
40.93478,-73.99558
36.49905,-80.60688
36.56754,-119.61078
37.38201,-81.64936
44.68358,-115.45397
6.65512,-4.71976
50.828,3.26505
40.66404,-73.70853
34.167881,-111.930702
46.49643,-66.40942
36.59586,-89.52839
52.37633,-1.25615
54.98281,-1.478699999999999
33.68688,-117.82534
32.89861,-84.32842
54.63651,-6.812859999999999
41.3113,-75.93509
34.60738,-86.97976
32.3457,-89.32583
28.96739,-98.47886
51.60643,-0.37728
40.54416,-74.36303
48.37033,10.89789
13.75333,100.50482
-1.950099999999999,30.05877
43.4658,12.23545
43.0958,-75.24276
34.86738,-91.18847
51.46523,-0.0704
32.2985,-64.79184
42.06538,-87.93538
37.2756,-76.70972
37.31884,-122.02924
34.2606,-118.28554
33.98897,-81.07328
40.51851,-75.77648
53.04702,8.62929
34.72912,-86.58496
41.79891,-87.95492
-8.65666,115.22152
37.47041,-82.34883
51.34835,-2.25177
40.74568,-74.25778
42.3519,-71.14566
36.54891,-86.50662
40.90935,-72.35508
38.9309,-76.8912
38.34408,-0.48047000000000006
52.67403,0.95091
51.57486,6.512179999999999
35.92577,-85.46394
35.52069,-84.36354
40.01549,-90.43295
32.6505,-85.38065
37.98081,-122.02519
-15.77564,-47.79675
51.71012,-3.69781
46.49499,11.35443
44.39082,-88.74024
18.11449,-66.16959
64.32235,-22.07443
22.44608,69.9077
39.60343,-74.21016
51.2653,0.5180399999999991
39.63564,-74.80397
36.59193,-82.22127
46.08914,-122.93609
37.07692,15.27957
48.3654,-119.57959
35.87377,-78.79119
54.62805,-3.55335
43.55292,10.32
42.50018,-70.86521
41.67905,-86.25404
35.80236,-83.52293
46.50361,-64.01676
40.49725,-74.42233
40.0326,-78.50517
53.45495,-3.005939999999999
36.35139,-82.21628
59.31102,18.16357
35.09813,135.71893
33.0972,-89.5092
41.65173,-0.8813199999999991
-51.80058,-58.72104
20.4667,-102.0667
44.04981,20.91079
47.40223,8.12927
60.00886,123.83993
35.31057,-120.82696
32.20703,-90.14988
26.14574,-80.47753
45.6454,-84.47613
50.80355,13.56599
30.57015,-97.40965
50.52629,-3.60734
31.1689,-100.077148
43.12532,5.930299999999999
31.54991,74.3273
10.3667,-66.9333
34.50942,-93.05231
35.27958,-84.76192
51.23848,-2.993669999999999
14.59971,-61.07597
51.44268,3.57262
-34.90101,138.85455
40.71578,-73.84169
35.74595,-89.53176
35.03731,-90.06146
43.32113,-76.41484
33.98585,-88.48955
35.6605,-91.9204
35.63649,139.63449
35.16018,-84.87532
40.73678,-73.88106
40.994709,-77.604538
-16.49901,-68.14626
35.5218,-90.35823
40.19316,-85.38173
40.19426,-92.57199
37.76789,-81.41923
40.29805,-111.69541
34.74293,-101.85259
52.05306,-2.7223
30.23218,-92.82212
41.61083,-87.64458
41.86177,-103.66276
44.13897,12.23865
39.53476,-74.4874
30.73029,-91.97563
35.91533,-81.54009
38.71361,-77.79551
33.47015,-94.39471
40.39696,-91.38456
-23.64126,-70.39938
42.31477,-71.08678
51.749,-0.47508000000000006
-46.41185,168.35217
28.46978,-98.17944
53.74148,-1.68589
44.31803,-69.77621
32.82225,-88.15826
49.98266,14.76065
30.5066,-97.82189
60.4528,22.25155
47.39038,0.68971
34.76898,-89.44857
-37.06542,174.94392
39.95346,-75.16318
49.384258,-84.756271
39.90601,116.38791
32.22032,-98.20195
39.38417,9.04476
42.50172,12.88512
38.01582,-121.8197
38.15371,-78.84245
11.2915,-60.53231
51.50471,6.54755
20.4167,-103.6833
44.15398,-94.08553
36.8428,-83.18374
31.03562,-91.97798
35.20725,-101.83389
29.56796,-98.2721
40.66351,-74.21146
49.22864,-0.29909
31.89746,-97.64086
35.5953,-89.26212
41.47723,-88.43347
52.67383,-0.6593799999999991
35.75355,-83.97364
-15.6245,-47.67101
52.38208,-2.25192
-16.96595,-61.14804
51.45197,-0.19267
32.60746,-85.48173
40.84713,-73.29144
40.79301,-74.47713
40.67855,-73.58896
41.11438,-74.14964
43.742699,-84.621674
41.54876,2.1076
4.43932,-75.22469
46.9218,7.13731
35.59051,-78.73713
47.47131,-0.55237
45.5841,9.27097
43.81914,-65.35739
47.67885,-122.20724
35.70259,51.40883
53.59337,-2.555099999999999
37.57018,-84.29296
40.17235,-77.4004
51.58165,0.0221
33.93045,67.67894
41.08509,-74.51113
40.76556,-80.31914
57.1635,13.41269
54.13519,-1.529949999999999
37.16237,-83.37367
36.161,-81.14277
51.26317,5.91955
53.77674,20.47944
43.58186,-84.24775
-30.90555,152.68011
51.50787,-0.59641
34.66507,-77.34819
53.14612,-1.18527
3.945149999999999,114.40166
30.41853,-92.04689
41.37113,-75.73484
18.53171,73.85384
40.12139,-80.00595
45.41211,-122.56909
32.98458,-90.32091
33.01897,-80.17601
36.13821,-90.15922
51.50789,-0.12291
42.47558,-70.90677
46.77228,-67.83646
38.997921,-105.550957
41.92671,-73.9965
45.42868,-73.66281
38.83179,20.70796
-15.77846,-47.92866
31.81541,-7.067
51.48856,-2.059779999999999
46.72131,-92.10395
37.91493,-81.34719
33.71663,-85.59616
50.24665,19.00424
54.77949,-1.55865
51.31056,-0.057119999999999005
34.02161,-118.39621
34.55091,-77.92509
-6.91242,107.60691
48.77831,12.87122
37.9968,-88.92137
33.71782,-110.86062
15.41674,-61.36413
59.2091,9.60867
49.69383,-112.83374
53.22905,9.9183
51.62894,-0.7477899999999991
38.13015,-121.27597
34.41709,-79.3708
41.15265,20.17001
40.99524,17.21916
-8.45535,115.07206
36.10224,-78.45755
41.68826,-98.36818
49.5374,7.40082
45.81475,8.83013
38.35134,-121.99339
40.02099,-75.30776
-28.49522,-63.81885
39.33737,-76.40529
13.24814,-61.19632
35.15334,-92.74496
33.77607,-117.93616
-0.27978999999999904,36.06896
33.65571,-83.71767
18.38118,-65.95753
42.74415,-73.76178
43.28986,-82.62258
41.67213,-93.71218
41.71832,-94.9328
48.39023,-4.48622
35.7736,-91.6414
4.93461,-52.33033
25.47623,-80.46565
13.18355,-59.53465
32.68485,-114.62461
37.23527,-76.51212
36.52973,-83.21729
40.10787,-77.78913
54.313919,-2.23218
36.03199,-96.47813
59.41748,10.48277
18.61624,-68.70771
42.66481,-83.16049
30.48657,-92.84883
46.92123,-70.8897
49.41349,8.70819
58.19536,-116.39778
-28.483219,24.676991
22.25769,113.9378
45.01737,-76.36432
52.262,-7.11087
46.08836,-64.77826
41.41013,-75.66079
3.438629999999999,-76.51701
49.02754,1.15028
34.50044,-82.64958
37.41629,-81.10586
50.20221,-5.06303
36.42677,-77.59765
28.07939,-80.60688
51.34481,12.38551
23.09154,-82.41804
51.57103,-0.33978
0.10974,113.9174
35.80988,-81.53463
45.98005,-60.21303
35.88012,-97.4234
32.01126,-97.13011
49.14645,11.41887
46.05124,14.50306
39.08079,-84.4489
40.95628,-73.81091
37.28731,-6.05097
35.6731,-89.57334
51.164181,10.45415
54.35255,-5.914799999999999
-30.73937,30.45279
32.762,-94.35496
-33.97778,22.66001
10.5833,-61.2
31.23113,-84.20465
51.34974,0.56876
34.76145,-84.97218
38.84279,-76.51575
22.54994,88.37158
40.69207,-73.46526
42.33495,-72.6691
25.36672,-108.1603
37.487598,139.838287
38.05229,-84.7304
30.15987,-85.66033
37.7273,-89.2158
26.19226,-80.09641
41.12587,16.86665
38.49313,-86.00816
43.7383,7.42696
37.30198,-78.3926
41.14187,-73.25121
42.99836,-78.18824
50.92706,5.33598
59.26575,10.40782
46.18026,21.32322
39.4895,-83.63649
39.20692,-86.24696
39.20149,-85.91901
41.08336,16.77851
45.54798,11.54943
42.28085,-85.0415
49.196,-122.84848
41.44862,1.97337
36.16338,-90.07002
36.33377,-119.29291
43.21516,-75.45336
39.61364,-86.11029
53.66052,-1.85725
55.92882,12.30561
15.77625,-90.232307
43.49274,-1.476359999999999
37.10907,-113.5833
